coords 48.418075 -4.474395
line 84.92000000000013 -111.5953299492386 84.92000000000013 -162.99078838174273
arc 84.92000000000013 -160.83078838174274 3.141592653589793 1.4306424429991922 2.16
line 87.05882014389904 -160.52904612077774 92.05882014389891 -159.8236519299064
arc 89.92 -160.1253941908714 1.4306424429991922 0.0 2.16
line 89.92 -157.9653941908714 89.92 -109.79065989847716
arc 89.92 -111.95065989847717 0.0 1.6417430412350842 2.16
line 92.0745661686177 -112.10377627594237 97.07456616861782 -112.45910622518095
arc 94.92000000000013 -112.30598984771575 1.6417430412350842 3.141592653589793 2.16
line 94.92000000000013 -114.46598984771575 94.92000000000013 -161.57999999999998
arc 94.92000000000013 -159.42 3.141592653589793 1.4306424429991922 2.16
line 97.05882014389904 -159.118257739035 102.0588201438989 -158.41286354816364
arc 99.91999999999999 -158.71460580912864 1.4306424429991922 0.0 2.16
line 99.91999999999999 -156.55460580912865 99.91999999999999 -110.50131979695432
arc 99.91999999999999 -112.66131979695433 0.0 1.6417430412350842 2.16
line 102.0745661686177 -112.81443617441953 107.07456616861782 -113.1697661236581
arc 104.92000000000012 -113.0166497461929 1.6417430412350842 3.141592653589793 2.16
line 104.92000000000012 -115.17664974619291 104.92000000000012 -160.16921161825724
arc 104.92000000000012 -158.00921161825724 3.141592653589793 1.4306424429991917 2.16
line 107.05882014389903 -157.70746935729224 112.05882014389888 -157.00207516642092
arc 109.91999999999997 -157.3038174273859 1.4306424429991917 0.0 2.16
line 109.91999999999997 -155.1438174273859 109.91999999999997 -111.21197969543148
arc 109.91999999999997 -113.37197969543148 0.0 1.6417430412350842 2.16
line 112.07456616861766 -113.52509607289669 117.0745661686178 -113.88042602213527
arc 114.92000000000012 -113.72730964467006 1.6417430412350842 3.141592653589793 2.16
line 114.92000000000012 -115.88730964467007 114.92000000000012 -158.75842323651452
arc 114.92000000000012 -156.5984232365145 3.141592653589793 1.4306424429991917 2.16
line 117.05882014389903 -156.29668097554952 122.05882014389887 -155.59128678467818
arc 119.91999999999996 -155.89302904564317 1.4306424429991917 0.0 2.16
line 119.91999999999996 -153.73302904564318 119.91999999999996 -111.92263959390864
arc 119.91999999999996 -114.08263959390864 0.0 1.6417430412350842 2.16
line 122.07456616861766 -114.23575597137385 127.0745661686178 -114.59108592061243
arc 124.9200000000001 -114.43796954314722 1.6417430412350842 3.141592653589793 2.16
line 124.9200000000001 -116.59796954314722 124.9200000000001 -157.34763485477177
arc 124.9200000000001 -155.18763485477177 3.141592653589793 1.4306424429991917 2.16
line 127.05882014389901 -154.88589259380677 132.05882014389886 -154.18049840293543
arc 129.91999999999996 -154.48224066390043 1.4306424429991917 0.0 2.16
line 129.91999999999996 -152.32224066390043 129.91999999999996 -112.63329949238579
arc 129.91999999999996 -114.79329949238578 0.0 2.4177399131000366 2.16
line 131.3505167720589 -116.41170048251712 136.35051677205902 -122.06840099013158
arc 134.92000000000007 -120.45000000000024 2.4177399131000366 3.141592653589793 2.16
line 134.92000000000007 -122.61000000000024 134.92000000000007 -155.93684647302905
arc 134.92000000000007 -153.77684647302905 3.141592653589793 1.4306424429991857 2.16
line 137.058820143899 -153.47510421206408 142.05882014389883 -152.7697100211927
arc 139.91999999999993 -153.07145228215768 1.4306424429991857 0.0 2.16
line 139.91999999999993 -150.91145228215768 139.91999999999993 -133.28999999999982
arc 139.91999999999993 -135.44999999999982 0.0 2.81984209919315 2.16
line 140.6030519745963 -137.49915592378895 145.60305197459644 -152.49915592378932
arc 144.92000000000007 -150.45000000000022 2.81984209919315 3.141592653589793 2.16
line 144.92000000000007 -152.6100000000002 144.92000000000007 -154.52605809128633
arc 144.92000000000007 -152.36605809128633 3.141592653589793 -0.7616735248393125 2.16
